65534.0 30
2.0 2
126.0 6
2.0 2
2046.0 13
126.0 4
2.0 2
254.0 7
126.0 4
2.0 2
254.0 7
126.0 4
2.0 2
254.0 7
2.0 2
62.0 3
4094.0 22
8190.0 26
2.0 2
62.0 3
2.0 2
16382.0 31
126.0 3
262142.0 93
8190.0 15
16382.0 24
65534.0 63
65534.0 42
131070.0 36
14.0 2
524286.0 140
524286.0 60
254.0 56
254.0 28
254.0 4
254.0 4
254.0 4
254.0 4
2.0 2
510.0 21
62.0 4
510.0 15
4094.0 60
254.0 8
1022.0 13
4094.0 22
4094.0 17
8190.0 29
32766.0 39
131070.0 45
65534.0 17
2.0 2
126.0 2
126.0 7
2.0 2
6.0 3
2.0 2
4094.0 25
16382.0 21
510.0 9
32766.0 27
131070.0 17
16382.0 16
6.0 2
6.0 2
126.0 5
62.0 4
2.0 2
6.0 2
1022.0 3
6.0 3
2046.0 8
62.0 6
2.0 2
2.0 2
62.0 4
2.0 2
4094.0 9
126.0 3
32766.0 9
1048574.0 27
62.0 3
6.0 3
126.0 6
1022.0 12
1022.0 6
1022.0 12
62.0 4
32766.0 33
524286.0 78
524286.0 49
65534.0 21
30.0 2
1022.0 7
62.0 6
14.0 2
4094.0 18
65534.0 9
14.0 2
6.0 3
14.0 3
8190.0 18
4094.0 14
62.0 5
2.0 2
2.0 2
14.0 6
8190.0 6
1022.0 12
32766.0 27
131070.0 73
524286.0 192
30.0 10
30.0 10
254.0 56
126.0 20
524286.0 108
65534.0 9
1048574.0 50
1048574.0 27
254.0 56
254.0 28
4094.0 12
2046.0 11
6.0 2
2.0 2
62.0 10
14.0 3
2.0 2
2046.0 42
1022.0 27
8190.0 18
6.0 2
254.0 3
30.0 3
524286.0 29
14.0 2
1048574.0 37
62.0 3
262142.0 18
1048574.0 54
254.0 56
254.0 70
62.0 3
1048574.0 54
30.0 3
254.0 56
30.0 10
254.0 28
65534.0 14
262142.0 39
2.0 2
510.0 6
30.0 4
2.0 2
62.0 10
14.0 2
14.0 2
6.0 2
6.0 2
8190.0 8
14.0 3
62.0 10
8190.0 15
254.0 56
30.0 5
30.0 3
8190.0 15
254.0 10
6.0 3
2.0 2
32766.0 40
32766.0 26
126.0 5
510.0 9
126.0 6
510.0 9
254.0 10
6.0 3
2.0 2
2046.0 24
254.0 8
2046.0 40
6.0 3
2.0 2
6.0 3
6.0 2
1022.0 20
30.0 3
14.0 2
62.0 4
2.0 2
254.0 9
62.0 4
14.0 3
4094.0 6
8190.0 18
510.0 8
16382.0 18
254.0 7
8190.0 18
15913.0 18
2288.0 6
2.0 2
30.0 4
262142.0 94
254.0 5
8190.0 26
1022.0 11
30.0 4
262142.0 94
1022.0 11
8190.0 26
1048574.0 210
2046.0 9
2046.0 9
65534.0 50
4094.0 11
510.0 12
6.0 2
2.0 2
1048574.0 82
62.0 6
2046.0 6
1022.0 6
1022.0 6
65534.0 72
126.0 4
8190.0 24
2.0 2
262142.0 25
131070.0 24
2.0 2
30.0 2
126.0 10
62.0 3
30.0 2
2.0 2
30.0 2
14.0 2
126.0 7
16382.0 14
8190.0 16
2.0 2
510.0 6
65534.0 13
6.0 2
32766.0 8
8190.0 10
1022.0 30
2046.0 4
62.0 2
1022.0 3
30.0 5
30.0 3
126.0 5
2.0 2
2.0 2
6.0 3
6.0 2
8190.0 24
30.0 4
1048574.0 21
2.0 2
510.0 15
510.0 15
4094.0 13
2.0 2
30.0 3
6.0 2
4094.0 9
65534.0 76
16382.0 24
8190.0 8
62.0 5
62.0 4
510.0 11
524286.0 13
32766.0 26
2046.0 8
6.0 3
131070.0 31
14.0 2
2097150.0 86
6.0 2
6.0 3
2.0 2
6.0 2
30.0 3
16382.0 5
2.0 2
126.0 5
6.0 2
1048574.0 11
4194302.0 26
254.0 8
2.0 2
262142.0 10
14.0 2
126.0 5
6.0 3
4094.0 10
16382.0 10
2.0 2
126.0 9
14.0 3
32766.0 13
131070.0 30
2.0 2
16382.0 29
65534.0 8
262142.0 21
2097150.0 45
16777214.0 116
2.0 2
30.0 2
62.0 4
32766.0 54
2.0 2
4094.0 19
62.0 3
1022.0 9
30.0 3
65534.0 18
262142.0 45
2046.0 10
2046.0 12
32766.0 15
8190.0 8
8190.0 6
130917.0 18
1022.0 12
62.0 4
30.0 4
14.0 2
254.0 28
524286.0 15
14.0 3
254.0 2
254.0 2
62.0 4
30.0 4
14.0 2
262142.0 120
6.0 3
1022.0 10
126.0 5
30.0 3
8190.0 14
524286.0 72
65534.0 27
4094.0 12
510.0 9
262142.0 126
4094.0 27
16382.0 66
1048574.0 216
16382.0 45
254.0 56
32766.0 24
2046.0 6
8190.0 15
4094.0 6
6.0 3
126.0 7
58650.0 16
6.0 2
126.0 7
126.0 7
501.0 4
255.0 11
793.0 9
65534.0 40
30.0 2
30.0 4
510.0 7
254.0 4
4094.0 18
14.0 2
1022.0 12
4094.0 11
6.0 2
126.0 4
14.0 3
62.0 5
254.0 6
510.0 8
4094.0 18
6.0 3
32766.0 33
1048574.0 54
2.0 2
254.0 5
1022.0 12
2.0 2
126.0 10
262142.0 30
6.0 2
14.0 2
14.0 3
1048574.0 84
16382.0 36
30.0 4
126.0 5
254.0 5
32766.0 36
8190.0 15
16382.0 50
2.0 2
6.0 2
2.0 2
1.0 1
2.0 2
510.0 18
65534.0 54
2.0 2
2.0 2
2097150.0 270
6.0 2
2.0 2
2.0 2
2.0 2
2.0 2
2.0 2
510.0 18
2.0 2
65534.0 11
131070.0 33
1048574.0 45
2097150.0 54
126.0 4
126.0 7
510.0 6
8190.0 18
16382.0 33
4094.0 16
1.0 0
126.0 6
2.0 2
4094.0 16
65534.0 22
2.0 2
2.0 2
4194302.0 33
1.0 1
1022.0 8
4094.0 15
6.0 3
1048574.0 18
510.0 6
62.0 4
2046.0 9
2046.0 6
32646.0 11
6.0 2
1.0 1
1.0 1
1.0 1
262142.0 14
1048574.0 39
126.0 4
65534.0 82
1.0 1
65398.0 62
14.0 2
1022.0 26
510.0 20
30.0 10
65534.0 34
262142.0 87
1048574.0 120
254.0 8
4094.0 27
4094.0 22
4094.0 16
16382.0 24
65534.0 36
65534.0 21
262142.0 57
62.0 5
524286.0 72
62.0 6
65534.0 5
1.0 1
1.0 1
8190.0 24
32766.0 20
4194302.0 114
2097150.0 60
1.0 1
254.0 4
30.0 5
126.0 5
2046.0 12
4094.0 14
2046.0 12
4094.0 21
254.0 15
2.0 2
524267.0 336
2095589.0 336
2095589.0 294
524096.0 182
2046.0 18
30.0 6
131070.0 33
4094.0 5
510.0 9
131070.0 45
262142.0 12
4194302.0 36
14.0 4
6.0 3
6.0 2
126.0 3
2.0 2
4094.0 11
1.0 1
62.0 4
1.0 1
30.0 3
14.0 2
6.0 2
4094.0 8
1.0 1
6.0 3
510.0 4
2097150.0 306
8388606.0 720
1022.0 8
2046.0 18
14.0 3
8388606.0 450
6.0 2
14.0 3
1.0 1
6.0 2
254.0 10
16382.0 26
1.0 1
2.0 2
524286.0 120
2097150.0 150
1.0 1
8388606.0 210
254.0 8
4094.0 27
4094.0 22
1.0 1
32766.0 15
131070.0 36
524286.0 63
1.0 1
2.0 2
2.0 2
6.0 3
16382.0 6
30.0 4
14.0 3
65534.0 30
262142.0 20
1.0 1
254.0 10
254.0 10
126.0 10
254.0 4
2097150.0 48
6.0 3
1022.0 12
262142.0 48
1.0 0
2.0 2
2.0 2
524286.0 57
32766.0 20
524286.0 57
524286.0 168
2.0 2
65534.0 30
524286.0 30
2097150.0 30
6.0 2
510.0 2
1.0 1
2046.0 6
254.0 2
2.0 2
14.0 3
65534.0 26
254.0 70
2097150.0 52
62.0 4
126.0 3
1.0 1
2.0 2
2097150.0 1125
8388330.0 1520
131070.0 170
32766.0 60
16382.0 46
131070.0 80
131070.0 68
16382.0 23
4194302.0 36
510.0 8
65534.0 63
14.0 2
2046.0 21
1.0 1
62.0 10
4094.0 15
14.0 3
2.0 2
2.0 2
126.0 10
6.0 2
4094.0 10
62.0 6
4094.0 4
14.0 3
14.0 2
254.0 9
2046.0 27
8190.0 15
2046.0 27
32766.0 36
2046.0 27
32766.0 36
254.0 8
2046.0 27
32766.0 36
65534.0 9
2046.0 27
126.0 6
1.0 0
126.0 5
510.0 9
32766.0 36
30.0 3
510.0 9
2.0 2
14.0 3
510.0 9
30.0 3
30.0 5
